CUTE-1 (CO-55)          
1 27844U 03031E   14348.66910243  .00000504  00000-0  24926-3 0   922
2 27844  98.6970 354.8417 0010776 113.3054 310.9987 14.21650758594224
CUBESAT XI-IV (CO-57)   
1 27848U 03031J   14348.58496637  .00000433  00000-0  21868-3 0   320
2 27848  98.7066 354.5682 0010678 119.8722   1.6013 14.21318958594126
CUBESAT XI-V (CO-58)    
1 28895U 05043F   14349.50265469  .00001630  00000-0  33080-3 0  9450
2 28895  97.8218 181.8905 0017929 154.5259 205.6831 14.62318613486749
NTS (CANX-6)            
1 32784U 08021B   14348.47763549  .00002611  00000-0  31233-3 0  1380
2 32784  97.6752  31.4106 0013643 321.7481 145.6748 14.84925228358646
CUTE-1.7+APD II (CO-65) 
1 32785U 08021C   14348.88125333  .00003668  00000-0  42459-3 0  1407
2 32785  97.6767  34.0633 0012469 319.0073 126.9041 14.86051442358850
COMPASS-1               
1 32787U 08021E   14349.40950110  .00006224  00000-0  66225-3 0  1269
2 32787  97.6792  37.6392 0012151 305.6026  54.4059 14.89239725359140
DELFI-C3 (DO-64)        
1 32789U 08021G   14348.73386184  .00013546  00000-0  12004-2 0  1574
2 32789  97.7000  46.6037 0009923 283.9037 194.3065 14.96312721359466
CANX-2                  
1 32790U 08021H   14348.66319407  .00002939  00000-0  34276-3 0  1314
2 32790  97.6723  32.9734 0013170 320.1375 159.3470 14.85888087358785
SEEDS II (CO-66)        
1 32791U 08021J   14349.40733225  .00005068  00000-0  56227-3 0  1097
2 32791  97.6788  35.9946 0012895 310.8740  49.1359 14.87621195358981
SWISSCUBE               
1 35932U 09051B   14348.34409307  .00001289  00000-0  31067-3 0  4846
2 35932  98.3928 101.1296 0008217 181.0483 179.0698 14.54908523277081
BEESAT                  
1 35933U 09051C   14348.84413296  .00001543  00000-0  36777-3 0  7562
2 35933  98.3933 102.4672 0006093 190.1178 169.9897 14.55159691277244
ITUPSAT 1               
1 35935U 09051E   14348.82373869  .00001424  00000-0  34541-3 0  6624
2 35935  98.4036 102.6847 0008626 182.6006 177.5146 14.54430696277122
TISAT 1                 
1 36799U 10035E   14349.20769253  .00006182  00000-0  69484-3 0  7807
2 36799  98.0168  82.6856 0014575  91.4942 325.8646 14.87008903239608
M-CUBED & EXP-1 PRIME   
1 37855U 11061F   14348.31901962  .00014294  00000-0  90449-3 0    66
2 37855 101.7069 105.7704 0207545 252.7195 105.1207 14.93091311169523
MASAT 1 (MO-72)         
1 38081U 12006E   14349.42193627  .00487437  77502-4  18099-2 0  6785
2 38081  69.4324 217.5108 0152260  85.5408 331.8696 15.71963251151193
AAUSAT3                 
1 39087U 13009B   14349.38421966  .00000907  00000-0  33472-3 0  6434
2 39087  98.6091 183.3263 0012894 130.4043 229.8271 14.34834768 94290
STRAND-1                
1 39090U 13009E   14348.77569524  .00000410  00000-0  16067-3 0  5320
2 39090  98.6151 183.1990 0010177 128.5180 231.6919 14.34671832 94211
BRITE-AUSTRIA           
1 39091U 13009F   14348.49405898  .00000342  00000-0  13608-3 0  5459
2 39091  98.6098 182.6654 0011430 137.8105 222.3962 14.34788589 94185
UNIBRITE                
1 39092U 13009G   14348.55186682  .00000341  00000-0  13605-3 0  5551
2 39092  98.6098 182.5669 0010438 130.9497 229.2593 14.34661777 94181
DOVE-2                  
1 39132U 13015C   14349.08164409  .00005587  00000-0  41937-3 0  7249
2 39132  64.8792 293.2726 0040086 271.2540  88.3998 15.02964266 90742
AIST-2                  
1 39133U 13015D   14349.13438474  .00003737  00000-0  29294-3 0  7407
2 39133  64.8781 293.9715 0039103 271.2149  88.4497 15.01929932 90733
SOMP                    
1 39134U 13015E   14348.29277289  .00012891  00000-0  82391-3 0  7924
2 39134  64.8749 287.4778 0035771 278.3408  81.3658 15.08375540 90770
BEESAT-2                
1 39136U 13015G   14348.31515149  .00011059  00000-0  72862-3 0  7702
2 39136  64.8753 288.5632 0036133 278.2727  81.4298 15.07342588 90769
NEE-01 PEGASUS          
1 39151U 13018B   14348.88686881  .00002561  00000-0  35944-3 0  5678
2 39151  98.0311  68.6669 0018891 126.9520 233.3424 14.78205816 88230
CUBEBUG-1 (CAPITAN BETO)
1 39153U 13018D   14348.77975119  .00002635  00000-0  36751-3 0  7214
2 39153  98.0314  68.6684 0018797 127.1846 233.1085 14.78445395 88229
ESTCUBE 1               
1 39161U 13021C   14349.39375213  .00002058  00000-0  34684-3 0  7554
2 39161  98.0876  68.8958 0009916 174.2776 185.8545 14.70560580 86223
POPACS 1                
1 39268U 13055D   14349.43105839  .00026321  00000-0  85507-3 0  3891
2 39268  81.0113 232.0978 0729244 353.6288   5.5966 14.12012845 62027
POPACS 2                
1 39269U 13055E   14349.37422017  .00017895  00000-0  57648-3 0  3560
2 39269  81.0032 233.6683 0753113 358.7127   1.2078 14.07157770 61913
POPACS 3                
1 39270U 13055F   14349.38997313  .00011493  00000-0  37870-3 0  3438
2 39270  80.9971 234.6157 0763980   1.4120 358.8956 14.04354424 61862
PHONESAT 2.4            
1 39381U 13064B   14348.76555034  .00028366  00000-0  85730-3 0  3022
2 39381  40.5010 123.9123 0007424  26.4271 333.6919 15.33558966 59555
KYSAT II                
1 39384U 13064E   14348.71134832  .00193987  00000-0  23450-2 0  4583
2 39384  40.4927  97.2117 0017720  58.4001 301.8548 15.59065937 59853
ORSES                   
1 39386U 13064G   14348.76243204  .00041802  00000-0  11075-2 0  3772
2 39386  40.4993 118.5111 0005523  30.3637 329.7497 15.37548209 59318
ORS TECH 1              
1 39387U 13064H   14348.73094957  .00121071  00000-0  19531-2 0  4222
2 39387  40.5145 103.5222 0015157  54.5627 305.6606 15.51575466 59795
PROMETHEUS 1-4          
1 39390U 13064L   14348.51365858  .00042830  00000-0  11111-2 0  3649
2 39390  40.4991 119.2551 0006514  32.1171 328.0039 15.38181288 58764
PROMETHEUS 1-2          
1 39391U 13064M   14348.77769238  .00046432  00000-0  12009-2 0  3579
2 39391  40.4991 117.7417 0006485  34.1417 325.9813 15.38246815 57562
PROMETHEUS 1-5          
1 39393U 13064P   14349.42387659  .00047342  00000-0  12042-2 0  3610
2 39393  40.5179 113.5338 0008434  51.1613 308.9954 15.38737078 58869
PROMETHEUS 1-6          
1 39394U 13064Q   14349.40904565  .00047256  00000-0  12195-2 0  3556
2 39394  40.5163 114.2802 0008457  46.4301 313.7215 15.38295271 58827
ORS TECH 2              
1 39396U 13064S   14348.74596044  .00109882  00000-0  18589-2 0  4135
2 39396  40.5127 104.5194 0014358  55.8863 304.3317 15.50303600 58884
FIREFLY                 
1 39404U 13064AA  14348.45844808  .00026113  00000-0  81480-3 0  3154
2 39404  40.5159 127.4831 0003515  27.1686 332.9310 15.32596196 58928
VERMONT LUNAR           
1 39407U 13064AD  14348.77756922  .00048135  00000-0  12208-2 0  3385
2 39407  40.5207 117.5510 0006614  41.7882 318.3437 15.38833838 57393
PROMETHEUS 1-3          
1 39408U 13064AE  14348.75736158  .00047512  00000-0  12244-2 0  3527
2 39408  40.5000 117.5989 0006716  37.9882 322.1406 15.38348559 59500
ZACUBE-1 (TSHEPISOSAT)  
1 39417U 13066B   14348.88182128  .00002659  00000-0  35661-3 0  4898
2 39417  97.7562  53.1703 0061557  17.8342 342.5010 14.78883098 57384
WNISAT-1                
1 39423U 13066H   14349.49587846  .00000893  00000-0  18850-3 0  1053
2 39423  97.7306  37.6105 0178689  57.0086 304.8146 14.52084801 56440
CINEMA-2 (KHUSAT-2)     
1 39424U 13066J   14348.41423074  .00001767  00000-0  27694-3 0  3461
2 39424  97.7478  47.8888 0095364  29.5473 331.1076 14.70866822 57003
CINEMA-3 (KHUSAT-2)     
1 39426U 13066L   14349.45053689  .00001343  00000-0  22235-3 0  3319
2 39426  97.7438  47.2210 0107057  30.3867 330.3486 14.68112428 57058
TRITON-1                
1 39427U 13066M   14348.69611617  .00001849  00000-0  31271-3 0  3407
2 39427  97.7427  45.1088 0117495  36.4327 324.4802 14.66003856 56835
GOMX 1                  
1 39430U 13066Q   14349.39650649  .00001775  00000-0  33976-3 0   754
2 39430  97.7366  40.5881 0156186  48.5833 312.8682 14.57427552 56602
BRITE-PL                
1 39431U 13066R   14348.69391131  .00000774  00000-0  17609-3 0  3223
2 39431  97.7256  33.4527 0205395  70.0068 292.3115 14.46236914 56090
HUMSAT-D                
1 39433U 13066T   14348.89384056  .00004975  00000-0  54449-3 0  3494
2 39433  97.7629  58.2680 0033547  12.6039 347.6009 14.87839542 57693
EAGLE 2                 
1 39436U 13066W   14349.24956863  .00030319  00000-0  26333-2 0  4355
2 39436  97.7625  60.5482 0022994   8.3080 351.8518 14.96747008 57888
VELOX-PII               
1 39438U 13066Y   14349.45976277  .00002088  00000-0  29736-3 0  3331
2 39438  97.7537  52.0399 0073194  19.1159 341.2772 14.76032196 57361
CUBEBUG-2 (LO-74)       
1 39440U 13066AA  14349.46425633  .00002445  00000-0  36115-3 0  3370
2 39440  97.7518  50.6028 0083478  22.1168 338.3609 14.73771147 57275
NEE-02 KRYSAOR          
1 39441U 13066AB  14348.70209972  .00001727  00000-0  25961-3 0  3237
2 39441  97.7503  49.7280 0084173  24.9880 335.5367 14.73367497 57104
FUNCUBE-1 (AO-73)       
1 39444U 13066AE  14349.44326806  .00003906  00000-0  51620-3 0  3320
2 39444  97.7564  53.8205 0061104  15.5965 344.7111 14.79244198 56247
UWE-3                   
1 39446U 13066AG  14348.68693136  .00002580  00000-0  36399-3 0  3402
2 39446  97.7535  51.3550 0072977  21.3779 339.0452 14.76235241 56039
BRITE-TORONTO           
1 40020U 14033L   14349.53215611  .00001302  00000-0  23496-3 0  5407
2 40020  97.9548 238.6781 0088771 351.5737   8.3975 14.65644531 26073
DUCHIFAT-1              
1 40021U 14033M   14349.45007035  .00004773  00000-0  54393-3 0  5289
2 40021  97.9692 244.4814 0015383  67.9300 292.3556 14.86548275 26496
NANOSATC-BR1            
1 40024U 14033Q   14349.39918736  .00004094  00000-0  47018-3 0  5208
2 40024  97.9663 244.3526 0014433  67.3130 292.9626 14.86318471 26482
QB50P1                  
1 40025U 14033R   14349.40853728  .00003340  00000-0  38668-3 0  5271
2 40025  97.9677 244.3419 0014535  66.6181 293.6588 14.86116825 26495
FLOCK 1C-7              
1 40026U 14033S   14349.39988523  .00002086  00000-0  24375-3 0  5256
2 40026  97.9736 244.4752 0013529  66.5076 293.7558 14.86170801 26499
FLOCK 1C-1              
1 40027U 14033T   14349.48525955  .00002880  00000-0  33444-3 0  5218
2 40027  97.9733 244.5172 0014690  65.9759 294.2993 14.86108122 26503
POPSAT-HIP-1            
1 40028U 14033U   14349.56278009  .00003639  00000-0  42222-3 0  5490
2 40028  97.9712 244.5334 0016161  63.5089 296.7812 14.85954979 26501
FLOCK 1C-2              
1 40029U 14033V   14349.36459326  .00002764  00000-0  32000-3 0  5235
2 40029  97.9710 244.3570 0015953  62.7519 297.5361 14.86248451 26473
FLOCK 1C-4              
1 40031U 14033X   14349.29016637  .00002656  00000-0  30755-3 0  5150
2 40031  97.9712 244.3028 0016386  62.3329 297.9555 14.86278982 26451
QB50P2                  
1 40032U 14033Y   14349.45637121  .00003366  00000-0  39369-3 0  5324
2 40032  97.9656 244.2721 0013648  60.6815 299.5773 14.85696743 26499
FLOCK 1C-11             
1 40033U 14033Z   14349.43846565  .00002772  00000-0  32139-3 0  5055
2 40033  97.9733 244.4402 0014912  58.1957 302.0702 14.86200796 26490
ANTELSAT                
1 40034U 14033AA  14349.48518844  .00003060  00000-0  48245-3 0  5288
2 40034  97.9625 240.4283 0061391 348.9162  11.0702 14.71896385 26266
FLOCK 1C-9              
1 40035U 14033AB  14349.24358405  .00010310  00000-0  11781-2 0  5143
2 40035  97.9701 244.2568 0014856  57.0686 303.1602 14.86155765 26454
FLOCK 1C-6              
1 40036U 14033AC  14349.38944348  .00002535  00000-0  29583-3 0  5236
2 40036  97.9766 244.3927 0014075  56.0413 304.2142 14.86011517 26486
PERSEUS-M2              
1 40037U 14033AD  14349.35868271  .00001642  00000-0  19802-3 0  5415
2 40037  97.9714 244.2052 0016081  58.8326 301.4468 14.85111459 26463
FLOCK 1C-5              
1 40038U 14033AE  14349.26693384  .00012681  00000-0  14552-2 0  5171
2 40038  97.9738 244.2172 0016624  57.0828 303.2048 14.85905325 26450
PERSEUS-M1              
1 40039U 14033AF  14349.46810182  .00001579  00000-0  19231-3 0  5366
2 40039  97.9730 244.2549 0015781  54.7760 305.4927 14.84756484 26485
FLOCK 1C-8              
1 40040U 14033AG  14349.27058679  .00006660  00000-0  76377-3 0  5294
2 40040  97.9741 244.2423 0015044  53.3954 306.8687 14.86144679 26456
FLOCK 1C-3              
1 40041U 14033AH  14349.27296814  .00014999  00000-0  17228-2 0  5271
2 40041  97.9749 244.2370 0015064  53.8134 306.6575 14.85842444 26451
POLYITAN-1              
1 40042U 14033AJ  14349.39357489  .00004198  00000-0  49443-3 0  5377
2 40042  97.9743 244.2221 0016894  53.5387 306.7386 14.85246217 26468
TIGRISAT                
1 40043U 14033AK  14349.24127713  .00002221  00000-0  34614-3 0  5309
2 40043  97.9614 240.3967 0061889 353.2189   6.8185 14.72669844 26099
LEMUR-1                 
1 40044U 14033AL  14349.38877440  .00002083  00000-0  32623-3 0  5263
2 40044  97.9612 240.5237 0061103 353.2465   6.7919 14.72559633 26128
AEROCUBE 6A             
1 40045U 14033AM  14349.33154670  .00004382  00000-0  68197-3 0  5249
2 40045  97.9636 240.3254 0061372 349.5767  10.4165 14.72231775 25963
AEROCUBE 6B             
1 40046U 14033AN  14349.40019712  .00004179  00000-0  65104-3 0  5222
2 40046  97.9630 240.3851 0061009 349.3435  10.6484 14.72232029 26104
UKUBE-1                 
1 40074U 14037F   14349.48407302  .00003201  00000-0  41876-3 0  5114
2 40074  98.3839  48.4582 0005746 112.9885 247.1945 14.81168824 23633
CHASQUI-1               
1 40117U 98067ET  14349.08321839  .00309817  00000-0  17181-2 0  3574
2 40117  51.6419 274.4544 0009800 114.9408 340.8597 15.78044747 18478
BRITE-PL 2              
1 40119U 14049B   14349.01270427  .00001549  00000-0  19727-3 0  1616
2 40119  98.0102  60.5939 0017725 187.5633 172.5293 14.82905744 17465
FLOCK 1B-24             
1 40122U 98067EU  14349.23704588  .00115168  00000-0  10645-2 0  3340
2 40122  51.6375 276.1239 0005120 130.9942  21.0456 15.66674417 54042
FLOCK 1B-23             
1 40123U 98067EV  14349.18340904  .00143378  00000-0  13138-2 0  3448
2 40123  51.6382 276.5197 0006014 108.0815  44.3672 15.66775479 54033
FLOCK 1B-26             
1 40124U 98067EW  14348.81616971  .27123641  12478-4  65353-3 0  3542
2 40124  51.5970 272.0086 0010283 113.7467 247.9095 16.45361344 72099
FLOCK 1B-25             
1 40125U 98067EX  14349.09461681  .00264543  00000-0  19515-2 0  3393
2 40125  51.6386 276.0253 0004761 113.7760 344.1199 15.71643710 54062
FLOCK 1B-15             
1 40126U 98067EY  14349.04450046  .00383136  00000-0  24762-2 0  3482
2 40126  51.6321 275.6974 0009707 123.3141 327.9636 15.74358804 54089
FLOCK 1B-16             
1 40127U 98067EZ  14347.14380366  .21866221  12291-4  17833-2 0  3315
2 40127  51.6253 281.1499 0004972 192.0944 168.6835 16.39006066 53847
FLOCK 1B-1              
1 40131U 98067FA  14349.19309817  .00510702  00000-0  27296-2 0  2680
2 40131  51.6323 275.0856 0012138 139.3525   3.3712 15.78298875 18002
FLOCK 1B-2              
1 40132U 98067FB  14349.04781551  .00156530  00000-0  12939-2 0  2553
2 40132  51.6361 276.4855 0006210 114.4635 332.6568 15.69251099 17945
FLOCK 1B-8              
1 40133U 98067FC  14349.18588755  .00167691  00000-0  13923-2 0  2734
2 40133  51.6390 275.8047 0009640 106.3492  34.7770 15.69073505 54260
FLOCK 1B-7              
1 40134U 98067FD  14349.31560512  .00308530  00000-0  24572-2 0  2529
2 40134  51.6402 275.3128 0007818 114.0399 321.7430 15.69653961 54281
FLOCK 1B-18             
1 40139U 98067FE  14349.33153074  .00348289  00000-0  23962-2 0  2793
2 40139  51.6384 275.3773 0008930 107.2865 334.9550 15.73009550 15751
FLOCK 1B-17             
1 40140U 98067FF  14349.30869307  .00106004  00000-0  10170-2 0  2890
2 40140  51.6355 276.6385 0009300 109.6066  29.0151 15.65748409 15736
