CUTE-1 (CO-55)          
1 27844U 03031E   15056.59170051  .00000322  00000-0  16637-3 0  9990
2 27844  98.6976  66.7080 0008658 260.9265 216.3390 14.21721409604584
CUBESAT XI-IV (CO-57)   
1 27848U 03031J   15056.22121706  .00000257  00000-0  13774-3 0  9993
2 27848  98.7072  66.1913 0008530 270.1321 151.5510 14.21379426604447
CUBESAT XI-V (CO-58)    
1 28895U 05043F   15057.02812911  .00000971  00000-0  19986-3 0  9999
2 28895  97.8226 250.6120 0015927 289.2909  70.6571 14.62529482497343
NTS (CANX-6)            
1 32784U 08021B   15056.16683503  .00001349  00000-0  16295-3 0  9997
2 32784  97.6629 101.3989 0016069  81.1504 328.3589 14.85236752369433
CUTE-1.7+APD II (CO-65) 
1 32785U 08021C   15056.17884297  .00001675  00000-0  19526-3 0  9994
2 32785  97.6639 103.8127 0014860  79.4121 317.4928 14.86422501369591
COMPASS-1               
1 32787U 08021E   15056.08401791  .00004214  00000-0  44281-3 0  9998
2 32787  97.6671 107.1720 0014682  69.0783 291.2005 14.89895074369818
DELFI-C3 (DO-64)        
1 32789U 08021G   15056.16528655  .00008603  00000-0  73489-3 0  9996
2 32789  97.6862 117.8982 0011159  47.2702 334.0071 14.97857380370295
CANX-2                  
1 32790U 08021H   15056.09625203  .00001522  00000-0  17876-3 0  9998
2 32790  97.6597 102.7953 0015577  80.2488 308.6276 14.86242376369540
SEEDS II (CO-66)        
1 32791U 08021J   15056.09620381  .00002252  00000-0  24986-3 0  9992
2 32791  97.6664 105.3527 0015323  73.5438 286.7462 14.88136298369642
SWISSCUBE               
1 35932U 09051B   15056.16869335  .00000962  00000-0  23351-3 0  9999
2 35932  98.3949 174.2685 0006848 329.1650  30.9143 14.55138236287679
BEESAT                  
1 35933U 09051C   15057.20692318  .00000859  00000-0  20863-3 0  9991
2 35933  98.3958 176.1795 0005153 343.6731  16.4299 14.55363022287913
ITUPSAT 1               
1 35935U 09051E   15056.05429822  .00000776  00000-0  19257-3 0  9996
2 35935  98.4059 175.2615 0007403 333.2091  26.8722 14.54616410287628
TISAT 1                 
1 36799U 10035E   15056.80786736  .00003490  00000-0  38902-3 0  9996
2 36799  98.0116 155.9891 0012905 208.0941 270.6868 14.87674806250397
M-CUBED & EXP-1 PRIME   
1 37855U 11061F   15056.37122288  .00007215  00000-0  44655-3 0  9999
2 37855 101.7152 214.4311 0200593  39.7784 321.7936 14.95160101180435
AAUSAT3                 
1 39087U 13009B   15057.04385307  .00000647  00000-0  24273-3 0  9996
2 39087  98.6102 255.7944 0011630 278.0971  81.8888 14.34962625104712
STRAND-1                
1 39090U 13009E   15056.51531083  .00000244  00000-0  10199-3 0  9990
2 39090  98.6147 255.7542 0008156 275.5061  84.5193 14.34728361104637
BRITE-AUSTRIA           
1 39091U 13009F   15056.08857928  .00000179  00000-0  78763-4 0  9991
2 39091  98.6097 255.0451 0009435 286.7669  73.2480 14.34835209104581
UNIBRITE                
1 39092U 13009G   15056.85024223  .00000166  00000-0  74403-4 0  9994
2 39092  98.6094 255.6326 0008324 276.2764  83.7472 14.34706858104687
DOVE-2                  
1 39132U 13015C   15057.18952251  .00003904  00000-0  29154-3 0  9999
2 39132  64.8763  62.5706 0039039 258.6590 101.0128 15.03707847101736
AIST-2                  
1 39133U 13015D   15057.16578447  .00002447  00000-0  19400-3 0  9993
2 39133  64.8749  63.9240 0038458 259.5121 100.1650 15.02426813101700
SOMP                    
1 39134U 13015E   15056.37986437  .00010534  00000-0  64579-3 0  9991
2 39134  64.8739  54.7067 0034596 267.8834  91.8327 15.10058958101805
BEESAT-2                
1 39136U 13015G   15056.12721351  .00008501  00000-0  54203-3 0  9992
2 39136  64.8743  57.0906 0035187 267.5894  92.1199 15.08771559101740
NEE-01 PEGASUS          
1 39151U 13018B   15057.18733762  .00001365  00000-0  19378-3 0  9993
2 39151  98.0214 141.7425 0016561 249.4044 110.5390 14.78515648 99067
CUBEBUG-1 (CAPITAN BETO)
1 39153U 13018D   15057.20248367  .00001602  00000-0  22468-3 0  9998
2 39153  98.0218 141.8999 0016472 249.2201 110.7245 14.78800867 99076
ESTCUBE 1               
1 39161U 13021C   15057.19121855  .00001447  00000-0  24473-3 0  9996
2 39161  98.0771 141.0928 0008833 312.6597  47.3881 14.70837799 96926
POPACS 1                
1 39268U 13055D   15056.70673895  .00023692  00000-0  74879-3 0  9994
2 39268  81.0116 158.7134 0717072 147.0839 217.7194 14.15159733 72236
POPACS 2                
1 39269U 13055E   15056.70981253  .00016941  00000-0  53803-3 0  9998
2 39269  81.0162 160.7652 0744277 153.9207 210.1550 14.09308408 72093
POPACS 3                
1 39270U 13055F   15057.02645023  .00010552  00000-0  34261-3 0  9997
2 39270  80.9964 161.6780 0758203 156.5817 207.1905 14.05858912 72068
PHONESAT 2.4            
1 39381U 13064B   15056.02445794  .00024306  00000-0  65248-3 0  9993
2 39381  40.5013  54.3109 0011032 195.3501 164.6980 15.37290943 70668
ORSES                   
1 39386U 13064G   15056.18013411  .00039822  00000-0  87509-3 0  9995
2 39386  40.4990  44.7395 0010705 196.0156 164.0324 15.43174056 70485
ORS TECH 1              
1 39387U 13064H   15056.30996972  .00330510  00000-0  19640-2 0  9990
2 39387  40.5088  14.6936 0022378 213.2312 146.7111 15.75870110 71141
PROMETHEUS 1-4          
1 39390U 13064L   15056.15031407  .00041617  00000-0  87973-3 0  9992
2 39390  40.4990  43.6080 0011750 198.1253 161.9146 15.44292728 69979
PROMETHEUS 1-2          
1 39391U 13064M   15056.15063586  .00041418  00000-0  87281-3 0  9997
2 39391  40.4992  43.6132 0011762 198.0183 162.0218 15.44385290 68736
PROMETHEUS 1-5          
1 39393U 13064P   15057.15954140  .00042882  00000-0  88238-3 0  9994
2 39393  40.5177  36.9871 0013358 212.4838 147.5158 15.45051616 70096
PROMETHEUS 1-6          
1 39394U 13064Q   15056.13355759  .00042977  00000-0  90478-3 0  9997
2 39394  40.5160  44.1433 0013280 202.9862 157.0362 15.44382403 69898
ORS TECH 2              
1 39396U 13064S   15056.13051455  .00217324  00000-0  16736-2 0  9999
2 39396  40.5083  18.6912 0021284 213.1460 146.8033 15.70194770 70185
FIREFLY                 
1 39404U 13064AA  15056.35820205  .00021072  00000-0  59329-3 0  9999
2 39404  40.5157  54.9364 0007148 197.3984 162.6586 15.35904140 70122
VERMONT LUNAR           
1 39407U 13064AD  15056.18159914  .00044962  00000-0  91918-3 0  9998
2 39407  40.5206  42.9035 0011849 201.0798 158.9533 15.45246471 68574
PROMETHEUS 1-3          
1 39408U 13064AE  15057.15953156  .00040823  00000-0  85427-3 0  9997
2 39408  40.4997  37.1974 0012140 207.1821 152.8361 15.44591049 70835
ZACUBE-1 (TSHEPISOSAT)  
1 39417U 13066B   15056.13295902  .00001816  00000-0  24333-3 0  9992
2 39417  97.7434 122.8136 0062140 140.7086 219.8660 14.79263724 68069
WNISAT-1                
1 39423U 13066H   15057.12028386  .00000725  00000-0  15522-3 0  9997
2 39423  97.7175 104.4894 0177000 189.8309 169.9423 14.52228620 66987
CINEMA-2 (KHUSAT-2)     
1 39424U 13066J   15056.40175654  .00001312  00000-0  20624-3 0  9991
2 39424  97.7349 117.2846 0095654 153.6285 206.9838 14.71135820 67732
CINEMA-3 (KHUSAT-2)     
1 39426U 13066L   15056.14523686  .00000981  00000-0  16369-3 0  9998
2 39426  97.7309 115.0556 0107227 159.6814 200.8709 14.68324289 67575
TRITON-1                
1 39427U 13066M   15056.37896560  .00001485  00000-0  25110-3 0  9992
2 39427  97.7300 113.6480 0117341 163.4577 197.0508 14.66295413 67482
GOMX 1                  
1 39430U 13066Q   15057.09477948  .00001598  00000-0  30618-3 0  9995
2 39430  97.7243 108.1659 0154431 179.1882 180.9630 14.57707605 67199
BRITE-PL                
1 39431U 13066R   15056.05896312  .00000450  00000-0  10727-3 0  9996
2 39431  97.7141  99.4520 0203701 205.6369 153.4617 14.46348962 66550
HUMSAT-D                
1 39433U 13066T   15057.18061951  .00003705  00000-0  39968-3 0  9990
2 39433  97.7508 129.9937 0034211 127.7311 232.7015 14.88568608 68595
EAGLE 2                 
1 39436U 13066W   15056.15195109  .00025482  00000-0  19975-2 0  9993
2 39436  97.7529 132.0867 0023442 122.0705 238.2799 15.00733840 68651
VELOX-PII               
1 39438U 13066Y   15056.10655117  .00001452  00000-0  20728-3 0  9990
2 39438  97.7403 120.7647 0073728 145.3127 215.2923 14.76342918 67929
CUBEBUG-2 (LO-74)       
1 39440U 13066AA  15056.22002578  .00002032  00000-0  29886-3 0  9992
2 39440  97.7387 119.1734 0083766 148.8944 211.7263 14.74114905 67839
NEE-02 KRYSAOR          
1 39441U 13066AB  15056.70187151  .00001297  00000-0  19536-3 0  9990
2 39441  97.7372 119.4293 0084698 147.9898 212.6496 14.73630069 67853
FUNCUBE-1 (AO-73)       
1 39444U 13066AE  15056.13384017  .00002214  00000-0  29225-3 0  9996
2 39444  97.7437 122.9685 0061648 140.1826 220.3934 14.79698858 66845
UWE-3                   
1 39446U 13066AG  15055.86468769  .00001554  00000-0  22011-3 0  9996
2 39446  97.7407 120.6150 0073359 145.7038 214.8941 14.76598579 66677
BRITE-TORONTO           
1 40020U 14033L   15057.16709740  .00000664  00000-0  12336-3 0  9993
2 40020  97.9498 309.0271 0089276 120.3955 240.6100 14.65809618 36711
DUCHIFAT-1              
1 40021U 14033M   15057.12775617  .00003460  00000-0  38982-3 0  9998
2 40021  97.9625 317.3813 0013325 183.8060 176.3065 14.87227152 37291
NANOSATC-BR1            
1 40024U 14033Q   15057.09030372  .00003034  00000-0  34537-3 0  9998
2 40024  97.9637 317.2227 0012211 181.7345 178.3847 14.86914536 37288
QB50P1                  
1 40025U 14033R   15056.97771203  .00002559  00000-0  29446-3 0  9994
2 40025  97.9639 317.0582 0012252 183.3407 176.7723 14.86602459 37277
FLOCK 1C-7              
1 40026U 14033S   15056.95705579  .00001576  00000-0  18292-3 0  9991
2 40026  97.9705 317.2610 0011553 184.9584 175.1550 14.86822846 37277
FLOCK 1C-1              
1 40027U 14033T   15057.18046287  .00002866  00000-0  32639-3 0  9996
2 40027  97.9670 317.4319 0012366 184.4978 175.6047 14.86936949 37302
POPSAT-HIP-1            
1 40028U 14033U   15057.07240705  .00002304  00000-0  26670-3 0  9991
2 40028  97.9665 317.2046 0014197 180.8878 179.2311 14.86444408 37279
FLOCK 1C-2              
1 40029U 14033V   15057.19261100  .00002090  00000-0  24016-3 0  9991
2 40029  97.9667 317.4058 0013934 179.8135 180.2888 14.86857920 37299
FLOCK 1C-4              
1 40031U 14033X   15057.18562337  .00002331  00000-0  26716-3 0  9996
2 40031  97.9682 317.4202 0014985 178.3623 181.7676 14.86833685 37285
QB50P2                  
1 40032U 14033Y   15056.97894858  .00002313  00000-0  26961-3 0  9991
2 40032  97.9627 316.8931 0012125 176.2872 183.8433 14.86174269 37262
FLOCK 1C-11             
1 40033U 14033Z   15057.19900128  .00002276  00000-0  26068-3 0  9991
2 40033  97.9685 317.4314 0012799 174.3416 185.7809 14.86899088 37305
ANTELSAT                
1 40034U 14033AA  15056.94156143  .00001759  00000-0  27822-3 0  9998
2 40034  97.9589 311.3834 0061381 115.0832 245.6784 14.72283189 36923
FLOCK 1C-9              
1 40035U 14033AB  15057.20705430  .00001867  00000-0  21527-3 0  9994
2 40035  97.9700 317.4574 0012043 173.3811 186.7495 14.86858452 37293
FLOCK 1C-6              
1 40036U 14033AC  15057.21846367  .00002579  00000-0  29456-3 0  9991
2 40036  97.9693 317.4652 0012134 173.2935 186.8433 14.86900392 37305
PERSEUS-M2              
1 40037U 14033AD  15057.18582356  .00001284  00000-0  15544-3 0  9998
2 40037  97.9668 317.0937 0014215 175.1385 184.9962 14.85350568 37277
FLOCK 1C-5              
1 40038U 14033AE  15056.96371676  .00001713  00000-0  19808-3 0  9999
2 40038  97.9716 317.1481 0014659 173.6898 186.4523 14.86827462 37252
PERSEUS-M1              
1 40039U 14033AF  15057.04320601  .00001275  00000-0  15582-3 0  9990
2 40039  97.9691 316.8653 0014258 169.7584 190.3918 14.84990820 37254
FLOCK 1C-8              
1 40040U 14033AG  15057.16202910  .00005112  00000-0  57435-3 0  9994
2 40040  97.9709 317.3934 0013584 167.2590 192.9048 14.87118243 37284
FLOCK 1C-3              
1 40041U 14033AH  15057.17269907  .00002136  00000-0  24543-3 0  9992
2 40041  97.9698 317.3729 0013468 169.5334 190.6165 14.86842671 37289
POLYITAN-1              
1 40042U 14033AJ  15056.93527574  .00002826  00000-0  33054-3 0  9996
2 40042  97.9713 316.8883 0015330 169.7771 190.3771 14.85825466 37237
TIGRISAT                
1 40043U 14033AK  15057.20604778  .00001301  00000-0  20458-3 0  9991
2 40043  97.9551 311.9147 0062263 117.9259 242.8272 14.72954806 36831
LEMUR-1                 
1 40044U 14033AL  15056.95172215  .00001169  00000-0  18528-3 0  9996
2 40044  97.9551 311.6356 0061055 118.9591 241.7760 14.72825731 36800
AEROCUBE 6A             
1 40045U 14033AM  15057.10671003  .00002415  00000-0  37473-3 0  9999
2 40045  97.9596 311.6477 0061268 114.7555 246.0061 14.72772796 36673
AEROCUBE 6B             
1 40046U 14033AN  15056.97146354  .00002638  00000-0  40868-3 0  9999
2 40046  97.9600 311.5040 0060996 114.9033 245.8557 14.72785544 36789
UKUBE-1                 
1 40074U 14037F   15057.16098850  .00002455  00000-0  31952-3 0  9994
2 40074  98.3705 124.4199 0003923 236.9444 123.1382 14.81620726 34394
BRITE-PL 2              
1 40119U 14049B   15057.08232577  .00001037  00000-0  13363-3 0  9995
2 40119  97.9976 133.7797 0016895 316.4548  43.5333 14.83163275 28293
FLOCK 1B-24             
1 40122U 98067EU  15056.95079934  .00284587  41904-4  80803-3 0  9990
2 40122  51.6236 261.3684 0005086 248.8943 251.8953 15.92845496 65514
FLOCK 1B-23             
1 40123U 98067EV  15056.81376498  .00904899  44237-3  12073-2 0  9990
2 40123  51.6193 259.9755 0007947 272.8946  87.1263 16.05998541 65527
FLOCK 1B-2              
1 40132U 98067FB  15056.96709980  .00333946  54716-4  86856-3 0  9996
2 40132  51.6208 259.1717 0000475  80.4009  67.6905 15.94492893 29461
FLOCK 1B-8              
1 40133U 98067FC  15056.93794983  .00781097  32796-3  97352-3 0  9991
2 40133  51.6121 257.4560 0004239 287.9425 213.8374 16.07114991 65786
FLOCK 1B-17             
1 40140U 98067FF  15056.97149529  .00906134  47300-3  96671-3 0  9994
2 40140  51.6212 258.7355 0005626 313.0581  46.9528 16.09548637 27241
FIREBIRD 4              
1 40378U 15003C   15056.97796179  .00011909  00000-0  62379-3 0  9993
2 40378  99.1259  70.0549 0164615 256.8810 101.4078 15.04986547  3819
GRIFEX                  
1 40379U 15003D   15056.98059785  .00010025  00000-0  52983-3 0  9998
2 40379  99.1257  70.0526 0164462 257.8055 100.4708 15.04771973  3819
EXOCUBE                 
1 40380U 15003E   15056.98365906  .00007788  00000-0  41557-3 0  9992
2 40380  99.1266  70.0548 0164804 257.1214 101.1622 15.04529655  3816
AESP 14                 
1 40389U 98067FM  15057.04888596  .00120566  00000-0  14684-2 0  9995
2 40389  51.6424 278.7187 0003177  93.2318  59.0110 15.59612717  8729
