CUTE-1 (CO-55)          
1 27844U 03031E   14350.00419568  .00000527  00000-0  25976-3 0   939
2 27844  98.6969 356.1573 0010779 109.7555 303.6248 14.21653345594413
CUBESAT XI-IV (CO-57)   
1 27848U 03031J   14349.98181897  .00000434  00000-0  21887-3 0   337
2 27848  98.7064 355.9455 0010679 116.1231 308.6628 14.21321459594327
CUBESAT XI-V (CO-58)    
1 28895U 05043F   14349.50265469  .00001630  00000-0  33080-3 0  9450
2 28895  97.8218 181.8905 0017929 154.5259 205.6831 14.62318613486749
NTS (CANX-6)            
1 32784U 08021B   14350.08532126  .00002365  00000-0  28336-3 0  1392
2 32784  97.6749  32.9593 0013575 316.0277 100.3870 14.84939190358885
CUTE-1.7+APD II (CO-65) 
1 32785U 08021C   14350.08747437  .00003814  00000-0  44111-3 0  1418
2 32785  97.6767  35.2276 0012399 314.8343 100.1469 14.86063412359030
COMPASS-1               
1 32787U 08021E   14349.40950110  .00006224  00000-0  66225-3 0  1269
2 32787  97.6792  37.6392 0012151 305.6026  54.4059 14.89239725359140
DELFI-C3 (DO-64)        
1 32789U 08021G   14350.12696161  .00015693  00000-0  13878-2 0  1585
2 32789  97.7005  47.9743 0009858 278.9283 138.9709 14.96359995359679
CANX-2                  
1 32790U 08021H   14350.13317770  .00003960  00000-0  45949-3 0  1325
2 32790  97.6722  34.3910 0013100 315.2264 102.6783 14.85899519359007
SEEDS II (CO-66)        
1 32791U 08021J   14349.40733225  .00005068  00000-0  56227-3 0  1097
2 32791  97.6788  35.9946 0012895 310.8740  49.1359 14.87621195358981
SWISSCUBE               
1 35932U 09051B   14349.85710346  .00002097  00000-0  49842-3 0  4850
2 35932  98.3923 102.6480 0008171 176.3291 183.7967 14.54915879277308
BEESAT                  
1 35933U 09051C   14350.08183712  .00001660  00000-0  39477-3 0  7579
2 35933  98.3935 103.7105 0006159 186.3231 173.7889 14.55166222277423
ITUPSAT 1               
1 35935U 09051E   14350.06206340  .00001504  00000-0  36425-3 0  6635
2 35935  98.4037 103.9285 0008685 178.9144 181.2073 14.54436794277305
TISAT 1                 
1 36799U 10035E   14349.82484806  .00007128  00000-0  79988-3 0  7815
2 36799  98.0170  83.3085 0014599  89.6146  29.5093 14.87019494239694
M-CUBED & EXP-1 PRIME   
1 37855U 11061F   14349.25717608  .00017276  00000-0  10903-2 0    72
2 37855 101.7068 107.1632 0207421 249.9816 107.8951 14.93123339169665
MASAT 1 (MO-72)         
1 38081U 12006E   14350.19986301  .00522965  89798-4  18987-2 0  6805
2 38081  69.4343 215.2539 0149785  84.2175  55.4727 15.72784956151314
AAUSAT3                 
1 39087U 13009B   14350.08156371  .00000922  00000-0  34021-3 0  6447
2 39087  98.6090 184.0212 0012909 128.3869 231.8497 14.34836337 94398
STRAND-1                
1 39090U 13009E   14350.10079954  .00000422  00000-0  16477-3 0  5332
2 39090  98.6150 184.5209 0010216 125.0390 235.1754 14.34673877 94405
BRITE-AUSTRIA           
1 39091U 13009F   14350.09800245  .00000353  00000-0  13990-3 0  5460
2 39091  98.6096 184.2648 0011491 133.4887 226.7255 14.34790715 94413
UNIBRITE                
1 39092U 13009G   14350.08620902  .00000347  00000-0  13837-3 0  5564
2 39092  98.6096 184.0967 0010465 126.6806 233.5342 14.34663815 94403
DOVE-2                  
1 39132U 13015C   14350.07973407  .00005989  00000-0  44835-3 0  7264
2 39132  64.8801 290.1265 0040205 270.5803  89.0875 15.02979635 90898
AIST-2                  
1 39133U 13015D   14350.13316173  .00004086  00000-0  31895-3 0  7431
2 39133  64.8782 290.8263 0039149 271.2565  88.4080 15.01941206 90882
SOMP                    
1 39134U 13015E   14349.22097900  .00015284  00000-0  97349-3 0  7937
2 39134  64.8748 284.5253 0035773 278.0762  81.6302 15.08406803 90919
BEESAT-2                
1 39136U 13015G   14349.44303163  .00012621  00000-0  82896-3 0  7713
2 39136  64.8753 284.9818 0036033 278.1514  81.5521 15.07375214 90938
NEE-01 PEGASUS          
1 39151U 13018B   14349.42839443  .00002448  00000-0  34382-3 0  5683
2 39151  98.0312  69.2069 0018901 125.2731 235.0251 14.78209930 88317
CUBEBUG-1 (CAPITAN BETO)
1 39153U 13018D   14349.45654755  .00002727  00000-0  38009-3 0  7221
2 39153  98.0313  69.3434 0018762 124.9922 235.3053 14.78449189 88326
ESTCUBE 1               
1 39161U 13021C   14350.07417322  .00002101  00000-0  35383-3 0  7577
2 39161  98.0871  69.5703 0009938 172.1444 187.9943 14.70564016 86321
POPACS 1                
1 39268U 13055D   14349.43105839  .00026321  00000-0  85507-3 0  3891
2 39268  81.0113 232.0978 0729244 353.6288   5.5966 14.12012845 62027
POPACS 2                
1 39269U 13055E   14349.37422017  .00017895  00000-0  57648-3 0  3560
2 39269  81.0032 233.6683 0753113 358.7127   1.2078 14.07157770 61913
POPACS 3                
1 39270U 13055F   14349.38997313  .00011493  00000-0  37870-3 0  3438
2 39270  80.9971 234.6157 0763980   1.4120 358.8956 14.04354424 61862
PHONESAT 2.4            
1 39381U 13064B   14349.74234583  .00033679  00000-0  10137-2 0  3036
2 39381  40.5009 118.1216 0007366  34.3667 325.7621 15.33628757 59709
KYSAT II                
1 39384U 13064E   14349.73608069  .00215216  00000-0  25527-2 0  4592
2 39384  40.4927  90.8959 0017809  65.8064 294.4617 15.59490501 60018
ORSES                   
1 39386U 13064G   14349.73668107  .00046212  00000-0  12192-2 0  3785
2 39386  40.4993 112.7002 0005508  38.2919 321.8285 15.37643714 59467
ORS TECH 1              
1 39387U 13064H   14349.69633079  .00134525  00000-0  21463-2 0  4238
2 39387  40.5147  97.6415 0015224  61.7514 298.4841 15.51828897 59940
PROMETHEUS 1-4          
1 39390U 13064L   14349.42258242  .00045020  00000-0  11638-2 0  3657
2 39390  40.4993 113.8283 0006440  39.4538 320.6745 15.38272886 58906
PROMETHEUS 1-2          
1 39391U 13064M   14349.75149583  .00052658  00000-0  13554-2 0  3587
2 39391  40.4994 111.9271 0006438  41.7778 318.3527 15.38351417 57711
PROMETHEUS 1-5          
1 39393U 13064P   14349.42387659  .00047342  00000-0  12042-2 0  3610
2 39393  40.5179 113.5338 0008434  51.1613 308.9954 15.38737078 58869
PROMETHEUS 1-6          
1 39394U 13064Q   14349.40904565  .00047256  00000-0  12195-2 0  3556
2 39394  40.5163 114.2802 0008457  46.4301 313.7215 15.38295271 58827
ORS TECH 2              
1 39396U 13064S   14349.71214215  .00122811  00000-0  20565-2 0  4145
2 39396  40.5129  98.6451 0014415  63.0088 297.2201 15.50537206 59030
FIREFLY                 
1 39404U 13064AA  14349.76165620  .00029878  00000-0  92849-3 0  3160
2 39404  40.5161 119.7704 0003426  38.2399 321.8656 15.32677739 59125
VERMONT LUNAR           
1 39407U 13064AD  14349.75100088  .00054084  00000-0  13651-2 0  3394
2 39407  40.5208 111.7354 0006581  49.3722 310.7664 15.38941066 57544
PROMETHEUS 1-3          
1 39408U 13064AE  14349.79601530  .00051338  00000-0  13171-2 0  3539
2 39408  40.4998 111.3963 0006728  46.2641 313.8730 15.38458410 59660
ZACUBE-1 (TSHEPISOSAT)  
1 39417U 13066B   14350.16734691  .00003230  00000-0  43151-3 0  4901
2 39417  97.7563  54.4101 0061456  13.6218 346.6634 14.78892929 57576
WNISAT-1                
1 39423U 13066H   14350.18494631  .00000872  00000-0  18423-3 0  1075
2 39423  97.7305  38.2452 0178651  54.8674 306.9133 14.52085923 56544
CINEMA-2 (KHUSAT-2)     
1 39424U 13066J   14350.11491889  .00002070  00000-0  32300-3 0  3479
2 39424  97.7482  49.5063 0095395  24.0985 336.4642 14.70875908 57253
CINEMA-3 (KHUSAT-2)     
1 39426U 13066L   14349.45053689  .00001343  00000-0  22235-3 0  3319
2 39426  97.7438  47.2210 0107057  30.3867 330.3486 14.68112428 57058
TRITON-1                
1 39427U 13066M   14350.12942810  .00002238  00000-0  37669-3 0  3411
2 39427  97.7432  46.4607 0117532  31.8465 328.9776 14.66011004 57043
GOMX 1                  
1 39430U 13066Q   14350.08304899  .00001777  00000-0  34026-3 0   776
2 39430  97.7368  41.2265 0156132  46.4513 314.9560 14.57430165 56704
BRITE-PL                
1 39431U 13066R   14350.07761817  .00000811  00000-0  18403-3 0  3236
2 39431  97.7251  34.7153 0205319  65.7521 296.4974 14.46240832 56299
HUMSAT-D                
1 39433U 13066T   14350.17163442  .00006189  00000-0  67548-3 0  3507
2 39433  97.7628  59.5186 0033447   8.2772 351.8989 14.87857352 57885
EAGLE 2                 
1 39436U 13066W   14349.24956863  .00030319  00000-0  26333-2 0  4355
2 39436  97.7625  60.5482 0022994   8.3080 351.8518 14.96747008 57888
VELOX-PII               
1 39438U 13066Y   14349.45976277  .00002088  00000-0  29736-3 0  3331
2 39438  97.7537  52.0399 0073194  19.1159 341.2772 14.76032196 57361
CUBEBUG-2 (LO-74)       
1 39440U 13066AA  14349.46425633  .00002445  00000-0  36115-3 0  3370
2 39440  97.7518  50.6028 0083478  22.1168 338.3609 14.73771147 57275
NEE-02 KRYSAOR          
1 39441U 13066AB  14350.12825765  .00001842  00000-0  27634-3 0  3248
2 39441  97.7498  51.0903 0084056  20.4125 340.0410 14.73375309 57312
FUNCUBE-1 (AO-73)       
1 39444U 13066AE  14349.44326806  .00003906  00000-0  51620-3 0  3320
2 39444  97.7564  53.8205 0061104  15.5965 344.7111 14.79244198 56247
UWE-3                   
1 39446U 13066AG  14350.11032051  .00002751  00000-0  38760-3 0  3411
2 39446  97.7535  52.7213 0072874  16.7862 343.5735 14.76246734 56243
BRITE-TORONTO           
1 40020U 14033L   14350.21485169  .00001363  00000-0  24550-3 0  5422
2 40020  97.9548 239.3397 0088718 349.4532  10.4837 14.65647023 26175
DUCHIFAT-1              
1 40021U 14033M   14350.12317871  .00004804  00000-0  54731-3 0  5301
2 40021  97.9693 245.1565 0015388  65.8239 294.4585 14.86555075 26593
NANOSATC-BR1            
1 40024U 14033Q   14350.13972061  .00004117  00000-0  47271-3 0  5222
2 40024  97.9665 245.0943 0014377  64.6991 295.5713 14.86324956 26590
QB50P1                  
1 40025U 14033R   14350.14916793  .00003534  00000-0  40873-3 0  5294
2 40025  97.9681 245.0842 0014429  64.0788 296.1935 14.86124142 26603
FLOCK 1C-7              
1 40026U 14033S   14350.14049311  .00002127  00000-0  24830-3 0  5278
2 40026  97.9736 245.2174 0013572  64.3659 295.8981 14.86174563 26602
FLOCK 1C-1              
1 40027U 14033T   14350.09123416  .00003123  00000-0  36204-3 0  5233
2 40027  97.9728 245.1246 0014784  64.3017 295.9728 14.86114174 26597
POPSAT-HIP-1            
1 40028U 14033U   14350.16881781  .00003777  00000-0  43797-3 0  5519
2 40028  97.9709 245.1408 0016097  62.0762 298.2106 14.85960845 26597
FLOCK 1C-2              
1 40029U 14033V   14350.10515987  .00003005  00000-0  34726-3 0  5253
2 40029  97.9704 245.1003 0015845  60.8821 299.4009 14.86254797 26583
FLOCK 1C-4              
1 40031U 14033X   14350.03071956  .00002722  00000-0  31501-3 0  5175
2 40031  97.9712 245.0454 0016343  59.8975 300.3857 14.86283661 26569
QB50P2                  
1 40032U 14033Y   14350.06251553  .00003411  00000-0  39889-3 0  5344
2 40032  97.9656 244.8790 0013607  58.7018 301.5535 14.85701424 26582
FLOCK 1C-11             
1 40033U 14033Z   14349.97707844  .00002851  00000-0  33035-3 0  5076
2 40033  97.9737 244.9807 0014941  56.3491 303.9158 14.86204605 26570
ANTELSAT                
1 40034U 14033AA  14349.96104705  .00003180  00000-0  50108-3 0  5305
2 40034  97.9626 240.8948 0061485 347.4016  12.5669 14.71900609 26336
FLOCK 1C-9              
1 40035U 14033AB  14350.18617727  .00012722  00000-0  14506-2 0  5162
2 40035  97.9723 245.2048 0013783  53.9084 306.4482 14.86197436 26595
FLOCK 1C-6              
1 40036U 14033AC  14349.99545870  .00002632  00000-0  30691-3 0  5252
2 40036  97.9764 245.0003 0014011  54.3919 305.8608 14.86015791 26571
PERSEUS-M2              
1 40037U 14033AD  14349.96506587  .00001757  00000-0  21148-3 0  5436
2 40037  97.9713 244.8122 0016114  56.7851 303.4920 14.85114627 26558
FLOCK 1C-5              
1 40038U 14033AE  14349.94032982  .00014345  00000-0  16438-2 0  5182
2 40038  97.9728 244.8930 0016707  52.8710 307.4420 14.85931812 26553
PERSEUS-M1              
1 40039U 14033AF  14350.20941360  .00001649  00000-0  20054-3 0  5388
2 40039  97.9731 244.9969 0015840  52.3722 307.8925 14.84759800 26598
FLOCK 1C-8              
1 40040U 14033AG  14350.07852877  .00007008  00000-0  80315-3 0  5313
2 40040  97.9743 245.0519 0014951  51.3029 308.9533 14.86159308 26571
FLOCK 1C-3              
1 40041U 14033AH  14350.08103765  .00015012  00000-0  17231-2 0  5286
2 40041  97.9750 245.0461 0015433  50.2241 310.0377 14.85867429 26575
POLYITAN-1              
1 40042U 14033AJ  14350.13463946  .00004362  00000-0  51332-3 0  5392
2 40042  97.9743 244.9642 0016787  51.5043 308.7678 14.85254407 26578
TIGRISAT                
1 40043U 14033AK  14350.12455177  .00002339  00000-0  36405-3 0  5328
2 40043  97.9613 241.2624 0061865 350.4288   9.5747 14.72675111 26224
LEMUR-1                 
1 40044U 14033AL  14350.13621564  .00002235  00000-0  34943-3 0  5280
2 40044  97.9608 241.2561 0061012 350.8211   9.1897 14.72564509 26234
AEROCUBE 6A             
1 40045U 14033AM  14350.14711847  .00004644  00000-0  72221-3 0  5261
2 40045  97.9637 241.1251 0061228 347.1370  12.8385 14.72241789 26084
AEROCUBE 6B             
1 40046U 14033AN  14349.94391185  .00004313  00000-0  67144-3 0  5246
2 40046  97.9632 240.9183 0061105 347.6188  12.3556 14.72238061 26182
UKUBE-1                 
1 40074U 14037F   14350.15961907  .00003291  00000-0  43030-3 0  5131
2 40074  98.3838  49.1644 0005787 111.2455 248.9391 14.81174367 23733
CHASQUI-1               
1 40117U 98067ET  14349.77945565  .00320503  00000-0  17400-2 0  3599
2 40117  51.6390 270.8544 0010123 117.8461 336.5247 15.78484464 18587
BRITE-PL 2              
1 40119U 14049B   14349.01270427  .00001549  00000-0  19727-3 0  1616
2 40119  98.0102  60.5939 0017725 187.5633 172.5293 14.82905744 17465
FLOCK 1B-24             
1 40122U 98067EU  14350.19242541  .00149726  00000-0  13567-2 0  3379
2 40122  51.6405 271.2613 0005174 119.1420  25.7629 15.67034121 54199
FLOCK 1B-23             
1 40123U 98067EV  14349.79926939  .00119483  00000-0  10942-2 0  3465
2 40123  51.6425 273.3840 0005842  93.7812 294.7151 15.66882697 54131
FLOCK 1B-26             
1 40124U 98067EW  14348.81616971  .27123641  12478-4  65353-3 0  3542
2 40124  51.5970 272.0086 0010283 113.7467 247.9095 16.45361344 72099
FLOCK 1B-25             
1 40125U 98067EX  14350.18452075  .00326223  00000-0  23145-2 0  3413
2 40125  51.6377 270.4443 0005519 117.4469  32.7692 15.72377238 54237
FLOCK 1B-15             
1 40126U 98067EY  14350.06035075  .00472911  00000-0  28996-2 0  3491
2 40126  51.6354 270.4642 0009197 128.2318 326.4021 15.75328426 54241
FLOCK 1B-16             
1 40127U 98067EZ  14347.14380366  .21866221  12291-4  17833-2 0  3315
2 40127  51.6253 281.1499 0004972 192.0944 168.6835 16.39006066 53847
FLOCK 1B-1              
1 40131U 98067FA  14350.07213378  .00686109  00000-0  34077-2 0  2708
2 40131  51.6369 270.5376 0010331 146.0652 316.7070 15.79494902 18141
FLOCK 1B-2              
1 40132U 98067FB  14349.04781551  .00156530  00000-0  12939-2 0  2553
2 40132  51.6361 276.4855 0006210 114.4635 332.6568 15.69251099 17945
FLOCK 1B-8              
1 40133U 98067FC  14349.18588755  .00167691  00000-0  13923-2 0  2734
2 40133  51.6390 275.8047 0009640 106.3492  34.7770 15.69073505 54260
FLOCK 1B-7              
1 40134U 98067FD  14350.01724262  .00303109  00000-0  23761-2 0  2539
2 40134  51.6411 271.7295 0007290 119.7104 324.0203 15.70056809 54392
FLOCK 1B-18             
1 40139U 98067FE  14350.03256978  .00360289  00000-0  24258-2 0  2815
2 40139  51.6363 271.7913 0008194 111.9547 343.3855 15.73488200 15862
FLOCK 1B-17             
1 40140U 98067FF  14350.06669016  .00146875  00000-0  13822-2 0  2909
2 40140  51.6416 272.7880 0009968 106.3722 348.4175 15.66061651 15859
